122
251
367
367
373
405
434
457
470
498
537
574
582
595
608
627
624
623
628
637
649
662
668
680
693
709
714
722
760
783
806
796
827
850
877
880
887
885
881
878
884
890
892
895
894
906
921
943
954
958
962
980
1010
1038
1052
1057
1054
1068
1079
1119
1138
1152
1145
1145
1157
1168
1188
1204
1227
1249
1275
1296
1308
1319
1333
1343
1352
1359
1369
1376
1386
1398
1412
1418
1424
1437
1453
1474
1499
1526
1535
1549
1577
1630
1674
1699
1719
1739
1761
1774
1780
1786
1791
1799
1801
1811
1810
1827
1868
1901
1934
1933
1950
1955
1962
1965
1975
1986
1999
1998
1993
2006
2024
2048
2059
2079
2121
2134
2137
2115
2115
2122
2133
2138
2148
2160
2173
2186
2191
2204
2206
2215
2221
2227
2229
2231
2238
2244
2259
2277
2314
2342
2362
2364
2361
2372
2379
2391
2391
2395
2405
2424
2453
2474
2487
2489
2524
2559
2595
2600
2628
2652
2665
2661
2660
2693
2722
2751
2762
2782
2804
2806
2796
2755
2729
2700
2701
2711
2731
2748
2759
2782
2792
2817
2820
2842
2851
2885
2924
2958
2980
2986
2993
2987
2999
3003
3006
2998
3005
3025
3045
3057
3058
3051
3071
3090
3107
3094
3084
3084
3050
3017
2982
2969
2964
2961
2971
2993
3026
3073
3100
3113
3129
3119
3130
3127
3153
3163
3172
3181
3185
3213
3228
3247
3248
3259
3291
3313
3342
3352
3368
3376
3379
3384
3392
3403
3412
3419
3425
3430
3434
3438
3432
3426
3422
3419
3384
3349
3322
3315
3328
3345
3343
3312
3244
3209
3182
3192
3203
3213
3249
3288
3323
3329
3370
3415
3462
3468
3477
3487
3493
3498
3499
3504
3505
3503
3505
3509
3518
3524
3536
3548
3562
3574
3584
3586
3594
3606
3625
3634
3659
3685
3714
3737
3767
3779
3759
3719
3691
3676
3657
3642
3632
3642
3657
3672
3688
3707
3738
3767
3799
3817
3838
3849
3860
3864
3866
3870
3871
3867
3866
3861
3861
3861
3867
3867
3874
3885
3904
3911
3914
3927
3947
3989
4019
4048
4055
4078
4095
4112
4114
4113
4089
4067
4050
4074
4096
4123
4135
4152
4164
4175
4184
4191
4198
4201
4209
4217
4228
4234
4245
4255
4267
4278
4288
4284
4274
4263
4266
4284
4266
4259
4224
4243
4251
4274
4295
4291
4287
4260
4258
4249
4272
4295
4326
4355
4390
4426
4437
4445
4447
4449
4423
4399
4350
4323
4297
4290
4295
4299
4325
4343
4361
4365
4385
4393
4414
4419
4457
4476
4491
4483
4483
4494
4507
4522
4533
4544
4543
4541
4537
4536
4534
4564
4599
4613
4602
4592
4604
4612
4596
4577
4565
4577
4589
4595
4602
4622
4640
4653
4650
4643
4657
4694
4764
4818
4850
4858
4880
4901
4915
4914
4917
4952
4989
5027
5036
5038
5048
5063
5088
5103
5110
5106
5102
5118
5151
5143
5117
5083
5103
5123
5137
5130
5133
5152
5195
5228
5244
5245
5246
5267
5301
5335
5358
5368
5382
5390
5397
5406
5419
5441
5481
5521
5542
5544
5547
5574
5593
5607
5610
5617
5637
5642
5646
5637
5645
5657
5672
5677
5676
5672
5673
5680
5687
5694
5707
5706
5705
5694
5692
5686
5692
5710
5738
5754
5764
5785
5824
5863
5893
5905
5905
5899
5904
5918
5946
5964
5985
5984
5976
5972
5957
5948
5934
5931
5934
5933
5932
5928
5934
5940
5947
5990
6065
6136
6167
6173
6177
6179
6185
6188
6194
6202
6204
6203
6193
6200
6212
6226
6237
6238
6252
6263
6280
6288
6296
6305
6315
6320
6323
6326
6332
6363
6393
6432
6444
6452
6448
6467
6487
6514
6538
6563
6572
6580
6582
6598
6594
6590
6586
6595
6621
6645
6663
6685
6696
6703
6698
6723
6748
6763
6759
6762
6766
6773
6800
6835
6872
6882
6858
6838
6829
6850
6847
6829
6811
6817
6827
6839
6826
6829
6831
6858
6872
6889
6899
6922
6941
6953
6950
6947
6946
6944
6946
6947
6961
6976
7009
7033
7052
7059
7059
7060
7068
7090
7119
7139
7149
7149
7151
7155
7162
7174
7191
7207
7240
7265
7286
7317
7348
7395
7414
7446
7466
7480
7475
7470
7488
7512
7527
7536
7553
7573
7576
7583
7626
7674
7727
7754
7778
7783
7772
7745
7717
7691
7681
7674
7674
7674
7676
7701
7729
7772
7793
7811
7825
7852
7880
7895
7909
7927
7945
7967
7986
8018
8043
8060
8060
8056
8053
8054
8074
8114
8163
8195
8222
8240
8251
8255
8261
8267
8248
8227
8214
8207
8188
8134
8096
8111
8165
8221
8236
8243
8252
8261
8281
8298
8323
8342
8360
8380
8393
8402
8401
8415
8439
8461
8484
8501
8522
8535
8549
8587
8625
8672
8699
8715
8724
8712
8704
8708
8735
8773
8817
8822
8815
8785
8786
8787
8794
8807
8807
8823
8860
8922
8962
8975
8999
9001
9003
8986
9009
9032
9055
9070
9085
9096
9104
9114
9121
9123
9121
9130
9137
9147
9152
9152
9158
9165
9179
9179
9167
9167
9164
9165
9154
9154
9160
9181
9201
9213
9227
9247
9286
9304
9313
9309
9307
9309
9299
9291
9282
9286
9288
9273
9263
9270
9297
9352
9388
9419
9418
9419
9437
9457
9459
9444
9435
9447
9459
9459
9449
9446
9442
9448
9467
9470
9474
9457
9460
9468
9473
9477
9478
9490
9508
9565
9625
9673
9664
9662
9669
9692
9714
9733
9752
9762
9763
9759
9750
9750
9744
9757
9773
9805
9824
9849
9869
9850
9820
9789
9789
9789
9791
9789
9799
9778
9769
9747
9753
9753
9757
9784
9817
9855
9872
9881
9882
9901
9922
9952
9959
9978
9990
10011
10022
10033
10043
10048
10057
10063
10070
10075
10071
10071
10077
10091
10107
10115
10120
10111
10111
10118
10140
10151
10158
10172
10188
10208
10217
10242
10275
10311
10327
10339
10347
10365
10369
10381
10380
10381
10376
10376
10385
10397
10413
10421
10426
10424
10428
10428
10427
10408
10417
10439
10486
10513
10533
10545
10553
10555
10555
10550
10555
10556
10552
10544
10535
10534
10533
10561
10592
10625
10633
10639
10640
10650
10648
10651
10636
10643
10650
10669
10677
10688
10702
10721
10750
10775
10816
10840
10866
10872
10875
10874
10904
10946
10986
11001
11007
11009
10999
10983
10973
10966
10967
10972
10980
10990
10999
11008
11015
10990
10968
10939
10937
10931
10933
10934
10950
10989
11033
11057
11068
11078
11096
11107
11122
11145
11164
11179
11183
11190
11207
11217
11226
11227
11235
11241
11235
11223
11215
11210
11225
11237
11253
11234
11214
11184
11177
11170
11183
11194
11217
11230
11244
11252
11262
11269
11270
11271
11263
11236
11210
11187
11179
11158
11143
11135
11139
11141
11140
11137
11138
11139
11143
11147
11151
11151
11149
11136
11126
11124
11133
11158
11204
11247
11269
11274
11298
11333
11359
11383
11401
11420
11419
11434
11450
11472
11483
11457
11437
11424
11445
11464
11472
11482
11494
11485
11462
11436
11435
11449
11470
11486
11486
11470
11454
11452
11454
11461
11478
11497
11511
11530
11541
11552
11554
11562
11568
11579
11595
11613
11623
11647
11689
11729
11754
11764
11766
11771
11765
11765
11755
11753
11756
11776
11769
11754
11732
11737
11754
11768
11782
11787
11791
11795
11799
11813
11830
11848
11841
11829
11824
11836
11851
11858
11862
11867
11876
11893
11900
11913
11919
11933
11965
11990
12036
12056
12094
12109
12122
12125
12128
12144
12154
12160
12153
12127
12111
12075
12062
12056
12070
12091
12104
12111
12111
12108
12113
12109
12110
12107
12105
12095
12090
12091
12093
12109
12124
12154
12165
12154
12125
12099
12098
12128
12146
12164
12156
12152
12148
12144
12148
12152
12156
12166
12164
12155
12140
12139
12130
12121
12103
12096
12086
12081
12078
12074
12082
12089
12101
12103
12112
12115
12118
12109
12107
12103
12119
12151
12185
12213
12242
12271
12262
12239
12192
12177
12158
12160
12167
12186
12213
12236
12246
12251
12245
12238
12232
12238
12250
12263
12269
12272
12274
12284
12288
12287
12285
12293
12306
12312
12319
12327
12335
12335
12333
12338
12341
12345
12363
12402
12432
12447
12421
12404
12386
12394
12403
12429
12459
12503
12526
12554
12581
12623
12652
12670
12690
12711
12772
12820
12864
12866
12868
12901
12932
12963
12967
12993
12989
12990
12969
12989
12997
13006
13006
13017
13028
13043
13046
13038
13024
12977
12938
12902
12904
12905
12895
12901
12903
12896
12875
12857
12856
12855
12859
12866
12859
12851
12837
12838
12840
12846
12859
12899
12938
12983
12997
13009
13009
13017
13020
13018
13033
13053
13077
13079
13085
13091
13097
13099
13100
13102
13106
13112
13120
13126
13147
13165
13193
13208
13219
13223
13250
13283
13320
13317
13301
13265
13270
13290
13344
13381
13410
13429
13441
13482
13516
13543
13557
13569
13593
13614
13635
13644
13647
13652
13652
13650
13642
13643
13626
13597
13574
13591
13605
13606
13580
13573
13592
13601
13612
13599
13604
13611
13622
13630
13644
13662
13675
13678
13693
13718
13744
13759
13763
13775
13800
13840
13877
13906
13911
13911
13906
13945
13983
14017
14030
14040
14058
14078
14096
14093
14079
14072
14077
14090
14103
14101
14100
14097
14112
14132
14154
14174
14180
14194
14209
14236
14255
14266
14267
14277
14298
14323
14343
14358
14365
14367
14369
14361
14340
14324
14313
14287
14258
14249
14276
14301
14321
14332
14331
14318
14330
14350
14375
14373
14377
14375
14392
14412
14433
14432
14426
14425
14436
14454
14476
14497
14513
14516
14521
14544
14590
14633
14659
14652
14643
14612
14603
14595
14604
14614
14620
14628
14638
14648
14682
14709
14740
14747
14762
14754
14749
14737
14745
14760
14774
14784
14784
14784
14780
14774
14801
14846
14889
14900
14907
14918
14929
14928
14942
14985
15036
15075
15084
15087
15088
15093
15120
15128
15145
15143
15174
15168
15163
15146
15176
15220
15279
15321
15351
15373
15408
15443
15472
15484
15491
15492
15491
15492
15489
15484
15481
15485
15495
15516
15527
15565
15590
15602
15587
15576
15583
15595
15606
15625
15644
15657
15680
15694
15716
15728
15744
15739
15711
15679
15669
15675
15683
15686
15688
15689
15689
15685
15689
15693
15706
15711
15724
15737
15749
15757
15777
15797
15827
15839
15852
15848
15842
15836
15839
15866
15894
15923
15935
15946
15948
15950
15951
15959
15967
15980
15981
16011
16036
16069
16062
16047
16035
16038
16050
16080
16099
16121
16125
16139
16155
16167
16191
16215
16239
16248
16239
16230
16223
16228
16233
16239
16242
16261
16278
16298
16302
16329
16358
16387
16403
16417
16433
16438
16441
16439
16437
16427
16426
16420
16418
16434
16457
16486
16492
16497
16529
16529
16539
16552
16600
16637
16645
16680
16713
16726
16730
16739
16761
16755
16773
16802
16827
16817
16816
16822
16840
16873
16915
16961
16975
16987
16998
17013
17030
17038
17046
17065
17095
17122
17132
17134
17139
17154
17178
17196
17207
17221
17240
17250
17231
17215
17206
17213
17212
17210
17210
17216
17224
17245
17267
17278
17278
17280
17292
17304
17315
17325
17332
17316
17294
17275
17292
17318
17321
17294
17271
17261
17276
17285
17301
17338
17364
17392
17384
17383
17377
17375
17389
17410
17431
17439
17442
17443
17447
17468
17495
17525
17543
17559
17598
17632
17660
17659
17655
17653
17654
17664
17676
17685
17684
17681
17692
17705
17753
17783
17824
17833
17843
17836
17826
17835
17854
17876
17892
17912
17932
17942
17940
17937
17918
17906
17894
17903
17911
17919
17924
17931
17943
17953
17940
17933
17926
17942
17950
17959
17983
18014
18042
18053
18054
18055
18057
18059
18076
18092
18113
18127
18151
18165
18170
18162
18157
18153
18164
18177
18182
18180
18179
18186
18189
18203
18229
18273
18325
18368
18393
18401
18406
18424
18440
18462
18484
18507
18530
18554
18578
18599
18606
18615
18613
18608
18585
18595
18614
18647
18666
18688
18721
18739
18748
18746
18752
18757
18787
18817
18855
18868
18885
18894
18903
18908
18914
18933
18950
18970
18975
18980
18992
19008
19009
18999
18984
18972
18960
18956
18972
18999
19050
19113
19167
19189
19206
19229
19257
19290
19320
19349
19358
19366
19373
19380
19392
19399
19385
19363
19354
19367
19381
19387
19395
19435
19475
19512
19507
19502
19499
19491
19487
19512
19551
19589
19591
19601
19615
19646
19668
19672
19675
19681
19693
19719
19737
19762
19737
19721
19696
19723
19755
19824
